         1              0.1289
         2            0.344424
         3            0.707898
         4             0.91322
         5            0.809686
         6            0.959394
         7             1.41878
         8             2.63879
         9             1.88339
        10             2.57834
        11             2.04324
        12             2.15146
        13             3.89999
        14             2.96913
        15              2.8761
        16             3.83107
        17             3.41395
        18              3.9792
        19             4.89298
        20             4.52531
        21             4.37374
        22              4.8858
        23             5.19761
        24             5.87955
        25             6.35488
        26              6.5242
        27             5.73091
        28             6.66228
        29             6.00537
        30              6.3453
        31             6.59048
        32             6.78516
        33              8.0094
        34             7.37944
        35             7.51429
        36             7.87907
        37             7.99579
        38             8.40083
        39             8.48996
        40             10.0762
        41             9.41903
        42             9.27098
        43             9.48405
        44             9.71676
        45             10.0412
        46             10.3545
        47             10.4711
        48             14.0262
        49             15.1971
        50              11.872
        51             12.4901
        52             11.9016
        53             12.4213
        54             13.0487
        55              14.824
        56             14.9485
        57             14.1723
        58             13.6097
        59             13.7536
        60             14.1259
        61              16.688
        62             17.6984
        63             15.3883
        64             15.8744
        65             16.0835
        66             18.5538
        67             16.7121
        68              17.133
        69              17.397
        70             18.1649
        71             18.7838
        72             18.2499
        73             18.9569
        74             17.5551
        75             18.7947
        76             18.8375
        77             19.7789
        78             19.9034
        79             19.9455
        80             19.5526
        81              19.851
        82             20.5629
        83              22.834
        84             26.4274
        85             23.2331
        86             22.9667
        87             24.7077
        88             23.5644
        89             22.1316
        90             22.4273
        91             25.6042
        92             23.0843
        93             24.5478
        94             24.6424
        95             24.2014
        96             27.3677
        97             25.3278
        98             24.7651
        99             24.9251
       100             26.0008
