1.5  0
1.51571  0.015708
1.53141  0.0314159
1.5471  0.0471239
1.56279  0.0628319
1.57845  0.0785398
1.59411  0.0942478
1.60972  0.109956
1.62533  0.125664
1.64088  0.141372
1.65643  0.15708
1.67191  0.172788
1.68738  0.188496
1.70276  0.204204
1.71814  0.219911
1.73342  0.235619
1.74869  0.251327
1.76384  0.267035
1.77899  0.282743
1.794  0.298451
1.80902  0.314159
1.82388  0.329867
1.83874  0.345575
1.85343  0.361283
1.86812  0.376991
1.88264  0.392699
1.89715  0.408407
1.91146  0.424115
1.92578  0.439823
1.93988  0.455531
1.95399  0.471239
1.96787  0.486947
1.98175  0.502655
1.9954  0.518363
2.00904  0.534071
2.02243  0.549779
2.03583  0.565487
2.04896  0.581195
2.06208  0.596903
2.07493  0.612611
2.08779  0.628319
2.10035  0.644026
2.11291  0.659734
2.12517  0.675442
2.13742  0.69115
2.14937  0.706858
2.16131  0.722566
2.17293  0.738274
2.18455  0.753982
2.19583  0.76969
2.20711  0.785398
2.21804  0.801106
2.22897  0.816814
2.23954  0.832522
2.25011  0.84823
2.26031  0.863938
2.27051  0.879646
2.28033  0.895354
2.29016  0.911062
2.29959  0.92677
2.30902  0.942478
2.31805  0.958186
2.32708  0.973894
2.3357  0.989602
2.34433  1.00531
2.35253  1.02102
2.36074  1.03673
2.36852  1.05243
2.37631  1.06814
2.38366  1.08385
2.39101  1.09956
2.39792  1.11527
2.40483  1.13097
2.41129  1.14668
2.41775  1.16239
2.42377  1.1781
2.42978  1.19381
2.43533  1.20951
2.44088  1.22522
2.44597  1.24093
2.45106  1.25664
2.45568  1.27235
2.46029  1.28805
2.46444  1.30376
2.46858  1.31947
2.47225  1.33518
2.47592  1.35088
2.4791  1.36659
2.48229  1.3823
2.48499  1.39801
2.48769  1.41372
2.4899  1.42942
2.49211  1.44513
2.49384  1.46084
2.49556  1.47655
2.49679  1.49226
2.49803  1.50796
2.49877  1.52367
2.49951  1.53938
2.49975  1.55509
2.5  1.5708
2.49975  1.5865
2.49951  1.60221
2.49877  1.61792
2.49803  1.63363
2.49679  1.64934
2.49556  1.66504
2.49384  1.68075
2.49211  1.69646
2.4899  1.71217
2.48769  1.72788
2.48499  1.74358
2.48229  1.75929
2.4791  1.775
2.47592  1.79071
2.47225  1.80642
2.46858  1.82212
2.46444  1.83783
2.46029  1.85354
2.45568  1.86925
2.45106  1.88496
2.44597  1.90066
2.44088  1.91637
2.43533  1.93208
2.42978  1.94779
2.42377  1.9635
2.41775  1.9792
2.41129  1.99491
2.40483  2.01062
2.39792  2.02633
2.39101  2.04204
2.38366  2.05774
2.37631  2.07345
2.36852  2.08916
2.36074  2.10487
2.35253  2.12058
2.34433  2.13628
2.3357  2.15199
2.32708  2.1677
2.31805  2.18341
2.30902  2.19911
2.29959  2.21482
2.29016  2.23053
2.28033  2.24624
2.27051  2.26195
2.26031  2.27765
2.25011  2.29336
2.23954  2.30907
2.22897  2.32478
2.21804  2.34049
2.20711  2.35619
2.19583  2.3719
2.18455  2.38761
2.17293  2.40332
2.16131  2.41903
2.14937  2.43473
2.13742  2.45044
2.12517  2.46615
2.11291  2.48186
2.10035  2.49757
2.08779  2.51327
2.07493  2.52898
2.06208  2.54469
2.04896  2.5604
2.03583  2.57611
2.02243  2.59181
2.00904  2.60752
1.9954  2.62323
1.98175  2.63894
1.96787  2.65465
1.95399  2.67035
1.93988  2.68606
1.92578  2.70177
1.91146  2.71748
1.89715  2.73319
1.88264  2.74889
1.86812  2.7646
1.85343  2.78031
1.83874  2.79602
1.82388  2.81173
1.80902  2.82743
1.794  2.84314
1.77899  2.85885
1.76384  2.87456
1.74869  2.89027
1.73342  2.90597
1.71814  2.92168
1.70276  2.93739
1.68738  2.9531
1.67191  2.96881
1.65643  2.98451
1.64088  3.00022
1.62533  3.01593
1.60972  3.03164
1.59411  3.04734
1.57845  3.06305
1.56279  3.07876
1.5471  3.09447
1.53141  3.11018
1.51571  3.12588
1.5  3.14159
1.48429  3.1573
1.46859  3.17301
1.4529  3.18872
1.43721  3.20442
1.42155  3.22013
1.40589  3.23584
1.39028  3.25155
1.37467  3.26726
1.35912  3.28296
1.34357  3.29867
1.32809  3.31438
1.31262  3.33009
1.29724  3.3458
1.28186  3.3615
1.26658  3.37721
1.25131  3.39292
1.23616  3.40863
1.22101  3.42434
1.206  3.44004
1.19098  3.45575
1.17612  3.47146
1.16126  3.48717
1.14657  3.50288
1.13188  3.51858
1.11736  3.53429
1.10285  3.55
1.08854  3.56571
1.07422  3.58142
1.06012  3.59712
1.04601  3.61283
1.03213  3.62854
1.01825  3.64425
1.0046  3.65996
0.990959  3.67566
0.977566  3.69137
0.964173  3.70708
0.951045  3.72279
0.937917  3.7385
0.925066  3.7542
0.912215  3.76991
0.899654  3.78562
0.887093  3.80133
0.874834  3.81704
0.862576  3.83274
0.850632  3.84845
0.838688  3.86416
0.827071  3.87987
0.815453  3.89557
0.804173  3.91128
0.792893  3.92699
0.781962  3.9427
0.771031  3.95841
0.76046  3.97411
0.749889  3.98982
0.739688  4.00553
0.729487  4.02124
0.719666  4.03695
0.709845  4.05265
0.700414  4.06836
0.690983  4.08407
0.681951  4.09978
0.672919  4.11549
0.664296  4.13119
0.655672  4.1469
0.647465  4.16261
0.639258  4.17832
0.631476  4.19403
0.623693  4.20973
0.616343  4.22544
0.608993  4.24115
0.602083  4.25686
0.595173  4.27257
0.588709  4.28827
0.582245  4.30398
0.576234  4.31969
0.570224  4.3354
0.564671  4.35111
0.559119  4.36681
0.554031  4.38252
0.548943  4.39823
0.544325  4.41394
0.539706  4.42965
0.535562  4.44535
0.531417  4.46106
0.52775  4.47677
0.524083  4.49248
0.520898  4.50819
0.517713  4.52389
0.515012  4.5396
0.512312  4.55531
0.510098  4.57102
0.507885  4.58673
0.506162  4.60243
0.504438  4.61814
0.503206  4.63385
0.501973  4.64956
0.501233  4.66527
0.500493  4.68097
0.500247  4.69668
0.5  4.71239
0.500247  4.7281
0.500493  4.7438
0.501233  4.75951
0.501973  4.77522
0.503206  4.79093
0.504438  4.80664
0.506162  4.82234
0.507885  4.83805
0.510098  4.85376
0.512312  4.86947
0.515012  4.88518
0.517713  4.90088
0.520898  4.91659
0.524083  4.9323
0.52775  4.94801
0.531417  4.96372
0.535562  4.97942
0.539706  4.99513
0.544325  5.01084
0.548943  5.02655
0.554031  5.04226
0.559119  5.05796
0.564671  5.07367
0.570224  5.08938
0.576234  5.10509
0.582245  5.1208
0.588709  5.1365
0.595173  5.15221
0.602083  5.16792
0.608993  5.18363
0.616343  5.19934
0.623693  5.21504
0.631476  5.23075
0.639258  5.24646
0.647465  5.26217
0.655672  5.27788
0.664296  5.29358
0.672919  5.30929
0.681951  5.325
0.690983  5.34071
0.700414  5.35642
0.709845  5.37212
0.719666  5.38783
0.729487  5.40354
0.739688  5.41925
0.749889  5.43496
0.76046  5.45066
0.771031  5.46637
0.781962  5.48208
0.792893  5.49779
0.804173  5.5135
0.815453  5.5292
0.827071  5.54491
0.838688  5.56062
0.850632  5.57633
0.862576  5.59203
0.874834  5.60774
0.887093  5.62345
0.899654  5.63916
0.912215  5.65487
0.925066  5.67057
0.937917  5.68628
0.951045  5.70199
0.964173  5.7177
0.977566  5.73341
0.990959  5.74911
1.0046  5.76482
1.01825  5.78053
1.03213  5.79624
1.04601  5.81195
1.06012  5.82765
1.07422  5.84336
1.08854  5.85907
1.10285  5.87478
1.11736  5.89049
1.13188  5.90619
1.14657  5.9219
1.16126  5.93761
1.17612  5.95332
1.19098  5.96903
1.206  5.98473
1.22101  6.00044
1.23616  6.01615
1.25131  6.03186
1.26658  6.04757
1.28186  6.06327
1.29724  6.07898
1.31262  6.09469
1.32809  6.1104
1.34357  6.12611
1.35912  6.14181
1.37467  6.15752
1.39028  6.17323
1.40589  6.18894
1.42155  6.20465
1.43721  6.22035
1.4529  6.23606
1.46859  6.25177
1.48429  6.26748
1.5  6.28319
