1.5  0
1.5314  0.0314159
1.56279  0.0628319
1.59406  0.0942478
1.62533  0.125664
1.65636  0.15708
1.68738  0.188496
1.71804  0.219911
1.74869  0.251327
1.77885  0.282743
1.80902  0.314159
1.83857  0.345575
1.86812  0.376991
1.89695  0.408407
1.92578  0.439823
1.95377  0.471239
1.98175  0.502655
2.00879  0.534071
2.03583  0.565487
2.06181  0.596903
2.08779  0.628319
2.1126  0.659734
2.13742  0.69115
2.16099  0.722566
2.18455  0.753982
2.20676  0.785398
2.22897  0.816814
2.24974  0.84823
2.27051  0.879646
2.28977  0.911062
2.30902  0.942478
2.32667  0.973894
2.34433  1.00531
2.36032  1.03673
2.37631  1.06814
2.39057  1.09956
2.40483  1.13097
2.4173  1.16239
2.42978  1.19381
2.44042  1.22522
2.45106  1.25664
2.45982  1.28805
2.46858  1.31947
2.47544  1.35088
2.48229  1.3823
2.4872  1.41372
2.49211  1.44513
2.49507  1.47655
2.49803  1.50796
2.49901  1.53938
2.5  1.5708
2.49901  1.60221
2.49803  1.63363
2.49507  1.66504
2.49211  1.69646
2.4872  1.72788
2.48229  1.75929
2.47544  1.79071
2.46858  1.82212
2.45982  1.85354
2.45106  1.88496
2.44042  1.91637
2.42978  1.94779
2.4173  1.9792
2.40483  2.01062
2.39057  2.04204
2.37631  2.07345
2.36032  2.10487
2.34433  2.13628
2.32667  2.1677
2.30902  2.19911
2.28977  2.23053
2.27051  2.26195
2.24974  2.29336
2.22897  2.32478
2.20676  2.35619
2.18455  2.38761
2.16099  2.41903
2.13742  2.45044
2.1126  2.48186
2.08779  2.51327
2.06181  2.54469
2.03583  2.57611
2.00879  2.60752
1.98175  2.63894
1.95377  2.67035
1.92578  2.70177
1.89695  2.73319
1.86812  2.7646
1.83857  2.79602
1.80902  2.82743
1.77885  2.85885
1.74869  2.89027
1.71804  2.92168
1.68738  2.9531
1.65636  2.98451
1.62533  3.01593
1.59406  3.04734
1.56279  3.07876
1.5314  3.11018
1.5  3.14159
1.4686  3.17301
1.43721  3.20442
1.40594  3.23584
1.37467  3.26726
1.34364  3.29867
1.31262  3.33009
1.28196  3.3615
1.25131  3.39292
1.22115  3.42434
1.19098  3.45575
1.16143  3.48717
1.13188  3.51858
1.10305  3.55
1.07422  3.58142
1.04623  3.61283
1.01825  3.64425
0.99121  3.67566
0.964173  3.70708
0.938194  3.7385
0.912215  3.76991
0.887395  3.80133
0.862576  3.83274
0.839014  3.86416
0.815453  3.89557
0.793242  3.92699
0.771031  3.95841
0.750259  3.98982
0.729487  4.02124
0.710235  4.05265
0.690983  4.08407
0.673328  4.11549
0.655672  4.1469
0.639683  4.17832
0.623693  4.20973
0.609433  4.24115
0.595173  4.27257
0.582698  4.30398
0.570224  4.3354
0.559583  4.36681
0.548943  4.39823
0.54018  4.42965
0.531417  4.46106
0.524565  4.49248
0.517713  4.52389
0.512799  4.55531
0.507885  4.58673
0.504929  4.61814
0.501973  4.64956
0.500987  4.68097
0.5  4.71239
0.500987  4.7438
0.501973  4.77522
0.504929  4.80664
0.507885  4.83805
0.512799  4.86947
0.517713  4.90088
0.524565  4.9323
0.531417  4.96372
0.54018  4.99513
0.548943  5.02655
0.559583  5.05796
0.570224  5.08938
0.582698  5.1208
0.595173  5.15221
0.609433  5.18363
0.623693  5.21504
0.639683  5.24646
0.655672  5.27788
0.673328  5.30929
0.690983  5.34071
0.710235  5.37212
0.729487  5.40354
0.750259  5.43496
0.771031  5.46637
0.793242  5.49779
0.815453  5.5292
0.839014  5.56062
0.862576  5.59203
0.887395  5.62345
0.912215  5.65487
0.938194  5.68628
0.964173  5.7177
0.99121  5.74911
1.01825  5.78053
1.04623  5.81195
1.07422  5.84336
1.10305  5.87478
1.13188  5.90619
1.16143  5.93761
1.19098  5.96903
1.22115  6.00044
1.25131  6.03186
1.28196  6.06327
1.31262  6.09469
1.34364  6.12611
1.37467  6.15752
1.40594  6.18894
1.43721  6.22035
1.4686  6.25177
1.5  6.28319
