4.39815e-29
-2.44984e-28
-1.85129e-26
1.84975e-26
3.5214e-25
1.23279e-24
3.80715e-23
-7.31204e-23
-1.04234e-21
-3.97381e-22
-1.46265e-20
5.63378e-20
6.12664e-19
-2.87688e-19
3.40197e-19
-1.61536e-17
-1.44414e-16
1.47598e-16
5.74631e-16
2.26316e-15
1.76627e-14
-2.6819e-14
-1.09458e-13
-1.83527e-13
-1.30902e-12
2.62794e-12
9.75449e-12
1.00634e-11
6.65118e-11
-1.60874e-10
-5.21788e-10
-4.43982e-10
-2.57975e-09
6.6045e-09
1.82515e-08
1.76326e-08
8.16019e-08
-1.8562e-07
-4.24094e-07
-5.99777e-07
-2.09152e-06
3.42762e-06
6.09298e-06
1.54187e-05
4.06894e-05
-3.4054e-05
-3.51222e-05
-0.000267758
-0.000544254
-4.00104e-05
-0.000457287
0.00271201
0.00419703
0.00559167
0.010912
-0.00945521
-0.00804348
-0.0569735
-0.0781356
-0.0743511
-0.118715
0.0955479
0.0697349
0.520607
0.551898
0.984911
1.04236
1.17532
1.19553
1.07939
1.0597
0.963068
0.949479
0.969185
0.975096
1.00929
1.01409
1.00839
1.00614
0.996653
0.995542
0.998417
0.999278
1.00116
1.00123
1.00006
0.999821
0.999722
0.999786
1.00008
1.00011
1.00003
1
0.999973
0.999978
1.00001
1.00001
1
1
0.999998
0.999998
1
1
1
1
0.999996
0.999994
0.999985
0.999959
1.00003
1.00004
1.00027
1.00054
1.00004
1.00046
0.997288
0.995803
0.994408
0.989088
1.00946
1.00804
1.05697
1.07814
1.07435
1.11872
0.904452
0.930265
0.479393
0.448102
0.0150887
-0.0423552
-0.175323
-0.195534
-0.0793877
-0.0596993
0.0369316
0.050521
0.0308151
0.0249042
-0.00928759
-0.0140917
-0.0083918
-0.00613975
0.00334725
0.00445791
0.00158301
0.000721539
-0.00116102
-0.00123379
-6.01519e-05
0.000178548
0.000277939
0.000214197
-8.20391e-05
-0.000112868
-2.69789e-05
-6.08521e-07
2.71816e-05
2.23991e-05
-6.31115e-06
-9.50219e-06
-2.27089e-06
1.59214e-07
2.19492e-06
1.61586e-06
-6.54448e-07
-8.0761e-07
-5.07255e-08
1.30243e-07
1.34143e-07
6.53025e-08
-6.13261e-08
-5.45532e-08
1.13286e-08
1.87628e-08
3.29669e-09
-1.86918e-09
-3.48204e-09
-1.73469e-09
1.43779e-09
1.22194e-09
-3.05445e-10
-4.36504e-10
-2.80022e-11
7.77058e-11
5.72356e-11
1.4422e-11
-2.88474e-11
-1.8329e-11
9.07192e-12
8.60998e-12
-1.54692e-12
-2.63694e-12
-2.3669e-13
4.59655e-13
3.25212e-13
5.19399e-14
-1.6e-13
-8.40585e-14
5.46701e-14
4.25461e-14
-1.33399e-14
-1.50663e-14
1.57999e-15
3.97906e-15
5.58979e-16
-6.55205e-16
-4.95751e-16
-4.8032e-17
2.27553e-16
9.66613e-17
-7.96835e-17
-5.07025e-17
2.25832e-17
1.93251e-17
-4.94942e-18
-6.02133e-18
5.98276e-19
1.54785e-18
1.41399e-19
-3.01799e-19
-1.38542e-19
2.46512e-20
6.56418e-20
1.42501e-20
-2.44112e-20
-1.03367e-20
7.81105e-21
4.53886e-21
-2.20576e-21
-1.62848e-21
5.46196e-22
5.1295e-22
-1.12876e-22
-1.45145e-22
1.58705e-23
3.6893e-23
7.77141e-25
-8.21617e-24
-1.7616e-24
1.47158e-24
9.07633e-25
-1.36579e-25
-3.55032e-25
-4.38665e-26
1.21248e-25
3.47126e-26
-3.78873e-26
-1.53671e-26
1.10609e-26
5.60465e-27
-3.04732e-27
-1.83718e-27
7.95404e-28
5.6011e-28
-1.96519e-28
-1.61528e-28
4.56573e-29
4.44722e-29
-9.81546e-30
-1.17496e-29
1.87987e-30
2.98606e-30
-2.87366e-31
-7.30094e-31
1.80107e-32
1.71347e-31
1.05145e-32
-3.83836e-32
-6.63878e-33
8.11412e-33
2.69178e-33
-1.58118e-33
-9.30013e-34
2.68652e-34
2.94621e-34
-3.29839e-35
-8.8233e-35
-6.30256e-37
2.53803e-35
2.38819e-36
-7.07905e-36
-1.14133e-36
1.92647e-36
4.14519e-37
-5.13741e-37
-1.33474e-37
1.34685e-37
4.0074e-38
-3.4799e-38
-1.14806e-38
8.87859e-39
3.17816e-39
-2.24055e-39
-8.56719e-40
5.60001e-40
2.26025e-40
-1.38785e-40
-5.85691e-41
3.41383e-41
1.49448e-41
-8.34155e-42
-3.76228e-42
2.02613e-42
9.35806e-43
-4.89509e-43
-2.30238e-43
1.1769e-43
5.60784e-44
-2.81687e-44
-1.35306e-44
6.71384e-45
3.23553e-45
-1.59379e-45
-7.6703e-46
3.7687e-46
1.80298e-46
-8.87676e-47
-4.20244e-47
2.08251e-47
9.712e-48
-4.86546e-48
-2.22496e-48
1.13179e-48
5.05122e-49
-2.62047e-49
-1.13586e-49
6.03685e-50
2.52828e-50
-1.38317e-50
-5.56595e-51
3.15035e-51
1.21059e-51
-7.12898e-52
-2.59773e-52
1.60182e-52
5.48953e-53
-3.57126e-53
-1.1396e-53
7.89433e-54
2.31621e-54
-1.72868e-54
-4.5865e-55
3.74611e-55
8.78257e-56
-8.02411e-56
-1.60641e-56
1.69645e-56
2.74379e-57
-3.53383e-57
-4.16433e-58
7.23645e-58
4.82652e-59
-1.45238e-58
-7.9997e-61
2.84512e-59
-1.99833e-60
-5.40685e-60
9.09934e-61
9.87338e-61
-2.99347e-61
-1.70418e-61
8.61716e-62
2.69112e-62
-2.29814e-62
-3.58361e-63
5.81995e-63
2.84576e-64
-1.41751e-63
4.32612e-65
3.34463e-64
-3.11431e-65
-7.67862e-65
1.11278e-65
1.71979e-65
-3.26124e-66
-3.7634e-66
8.64466e-67
8.05164e-67
-2.14922e-67
-1.68411e-67
5.09876e-68
3.44137e-68
-1.16496e-68
-6.86004e-69
2.57682e-69
1.33076e-69
-5.53393e-70
-2.50257e-70
1.15538e-70
4.53491e-71
-2.34522e-71
-7.84018e-72
4.62302e-72
1.27035e-72
-8.82808e-73
-1.85982e-73
1.62594e-73
1.50758e-74
-1.88456e-74
