1.58537e-14
-1.94188e-14
-4.47788e-13
-8.63936e-13
-2.2278e-11
5.02797e-11
4.91247e-10
8.89405e-11
3.26051e-09
-1.47685e-08
-9.20742e-08
3.12975e-08
-9.63577e-08
1.43598e-06
6.34822e-06
-3.17559e-06
2.69106e-07
-6.76017e-05
-0.000215827
6.98619e-05
-9.81777e-05
0.0017595
0.00396988
0.00113886
0.0059205
-0.0228141
-0.034406
-0.0568948
-0.104728
0.0587161
0.0204821
0.483401
0.522133
0.984599
1.05079
1.14378
1.14888
1.02095
0.996942
0.964018
0.964973
1.00111
1.0074
1.00727
1.00505
0.997405
0.996862
0.999658
1.00034
1.0006
1.00038
0.999781
0.99977
1.00001
1.00006
1.00002
1
0.999985
0.99999
1
1
0.999999
0.999999
1
1
1
1
1
1
1
1
1
1
1
1
1
1
0.999999
0.999994
1
1
1.00007
1.00022
0.99993
1.0001
0.998241
0.99603
0.998861
0.99408
1.02281
1.03441
1.05689
1.10473
0.941284
0.979518
0.516599
0.477867
0.0154009
-0.0507911
-0.143785
-0.148878
-0.0209506
0.00305801
0.0359815
0.0350265
-0.00110738
-0.00739975
-0.00726997
-0.00505219
0.00259484
0.00313847
0.000342491
-0.000342786
-0.000595529
-0.000376008
0.000218786
0.000229852
-1.45046e-05
-5.65934e-05
-2.48666e-05
-3.89424e-06
1.51167e-05
9.75192e-06
-4.80359e-06
-4.73274e-06
6.90922e-07
1.36808e-06
2.07958e-07
-1.89474e-07
-1.98011e-07
-5.17022e-08
8.77553e-08
4.9805e-08
-2.78376e-08
-2.23764e-08
6.45746e-09
7.41512e-09
-8.07346e-10
-1.92727e-09
-1.80957e-10
3.63874e-10
1.78129e-10
-2.33805e-11
-8.26402e-11
-1.97315e-11
2.99212e-11
1.28607e-11
-9.33348e-12
-5.34739e-12
2.5942e-12
1.84174e-12
-6.47869e-13
-5.6414e-13
1.43603e-13
1.58273e-13
-2.68716e-14
-4.1233e-14
3.49627e-15
1.00256e-14
1.14777e-16
-2.27033e-15
-3.04403e-16
4.73291e-16
1.47656e-16
-8.80811e-17
-5.4418e-17
1.34064e-17
1.76654e-17
-1.08924e-18
-5.3115e-18
-2.85159e-19
1.51483e-18
2.01207e-19
-4.15367e-19
-7.89951e-20
1.10443e-19
2.57323e-20
-2.86433e-20
-7.59716e-21
7.27614e-21
2.10457e-21
-1.81594e-21
-5.5651e-22
4.46273e-22
1.41826e-22
-1.08169e-22
-3.50347e-23
2.58871e-23
8.41715e-24
-6.12112e-24
-1.97032e-24
1.43042e-24
4.49631e-25
-3.30325e-25
-9.99696e-26
7.53517e-26
2.16165e-26
-1.69669e-26
-4.53047e-27
3.76724e-27
9.151e-28
-8.23681e-28
-1.76434e-28
1.77029e-28
3.19117e-29
-3.73164e-29
-5.22556e-30
7.69213e-30
7.05982e-31
-1.54443e-30
-5.03744e-32
3.00361e-31
-1.27414e-32
-5.61102e-32
7.99305e-33
9.93147e-33
-2.84027e-33
-1.62385e-33
8.39226e-34
2.31691e-34
-2.24518e-34
-2.39467e-35
5.61947e-35
-3.12819e-37
-1.33663e-35
1.16896e-36
3.0465e-36
-4.62249e-37
-6.6834e-37
1.37226e-37
1.41423e-37
-3.57093e-38
-2.88771e-38
8.55483e-39
5.68359e-39
-1.92707e-39
-1.07528e-39
4.12345e-40
1.94557e-40
-8.4203e-41
-3.33724e-41
1.64288e-41
5.34158e-42
-3.05717e-42
-7.72781e-43
5.39764e-43
9.33111e-44
-8.94802e-44
-6.74068e-45
1.36445e-44
-8.28168e-46
-1.82838e-45
5.35027e-46
1.88058e-46
-1.6412e-46
-4.91439e-48
4.04838e-47
-4.60243e-48
-8.86007e-48
1.79075e-48
1.78037e-48
-4.76776e-49
-3.32924e-49
1.0784e-49
5.81165e-50
-2.19808e-50
-9.42238e-51
4.1265e-51
1.3962e-51
-7.18175e-52
-1.81815e-52
1.15433e-52
1.85579e-53
-1.68562e-53
-7.2358e-55
2.14337e-54
-3.10736e-55
-2.08351e-55
1.23145e-55
5.5963e-57
-3.11384e-56
4.19653e-57
6.5565e-57
-1.51501e-57
-1.22758e-57
3.67582e-58
2.08812e-58
-7.48707e-59
-3.23339e-59
1.35634e-59
4.48865e-60
-2.22407e-60
-5.32769e-61
3.29271e-61
4.60172e-62
-4.29436e-62
-1.88718e-64
4.57124e-63
-1.13656e-63
-2.83012e-64
3.50328e-64
-3.13067e-65
-7.69583e-65
1.66148e-65
1.43005e-65
-4.19252e-66
-2.35359e-66
8.35975e-67
3.46239e-67
-1.44441e-67
-4.47897e-68
2.21744e-68
4.78936e-69
-3.01089e-69
-3.28755e-70
3.47667e-70
-1.7475e-71
-2.96081e-71
1.26424e-71
4.16296e-73
-3.20264e-72
5.6096e-73
6.2017e-73
-1.68165e-73
-1.02652e-73
3.46878e-74
1.49389e-74
-5.95754e-75
-1.89712e-75
8.92208e-76
1.99324e-76
-1.1673e-76
-1.39122e-77
1.28277e-77
-4.48837e-79
-1.01248e-78
4.15521e-79
4.06222e-81
-1.02837e-79
2.00454e-80
1.90193e-80
-5.45914e-81
-2.9724e-81
1.04534e-81
4.03594e-82
-1.66542e-82
-4.68954e-83
2.29382e-83
4.29228e-84
-2.70613e-84
-1.98133e-85
2.54491e-85
-3.21336e-86
-1.33003e-86
1.21108e-86
-1.47525e-87
-2.4948e-87
6.31888e-88
4.07881e-88
-1.33212e-88
-5.68495e-89
2.19528e-89
6.79358e-90
-3.06773e-90
-6.62534e-91
3.66624e-91
4.19888e-92
-3.57151e-92
1.49649e-93
2.26391e-93
-1.11864e-93
7.78942e-95
2.48579e-94
-5.91074e-95
-4.12206e-95
1.30763e-95
5.72039e-96
-2.15357e-96
-6.76835e-97
2.96201e-97
6.56841e-98
-3.46233e-98
-4.33104e-99
3.29549e-99
-6.42253e-101
-2.0675e-100
8.68729e-101
-5.51808e-102
-1.94483e-101
4.68838e-102
3.15605e-102
-1.01009e-102
-4.24498e-103
1.60331e-103
4.83798e-104
-2.11359e-104
-4.48711e-105
2.35237e-105
2.47337e-106
-1.68105e-106
