1.53661e-07
-6.20877e-08
5.44043e-07
-8.11054e-06
-7.51943e-05
7.35352e-05
0.000182327
0.000988892
0.00436464
-0.00468757
-0.00652219
-0.0363872
-0.0844474
0.0264282
-0.029892
0.458747
0.512905
1.01291
1.08651
1.1111
1.09272
0.978933
0.965174
0.988097
0.997276
1.00792
1.00603
0.997999
0.997554
0.999998
1.0005
1.00023
1.00001
0.999877
0.999944
1.00004
1.00003
0.999989
0.99999
1
1
1
0.999999
1
1
1
1
1
1
1
1
1
1
1
1
1
1
1
1
1
1
1
1
1
1
1
0.999999
1.00001
1.00008
0.999926
0.999818
0.999011
0.995635
1.00469
1.00652
1.03639
1.08445
0.973572
1.02989
0.541253
0.487095
-0.012906
-0.0865067
-0.111102
-0.0927211
0.0210669
0.0348259
0.0119026
0.00272413
-0.00792092
-0.00603209
0.00200127
0.00244632
2.34326e-06
-0.000498388
-0.000232342
-1.07837e-05
0.000122754
5.60257e-05
-4.25524e-05
-2.85037e-05
1.1396e-05
1.0074e-05
-2.37548e-06
-2.91669e-06
3.24785e-07
7.28009e-07
1.26501e-08
-1.58602e-07
-2.97466e-08
2.95482e-08
1.40266e-08
-4.28473e-09
-4.97709e-09
2.69174e-10
1.5416e-09
1.16004e-10
-4.39112e-10
-6.64659e-11
1.1796e-10
2.33496e-11
-3.03112e-11
-6.82632e-12
7.51403e-12
1.78988e-12
-1.80601e-12
-4.32871e-13
4.21976e-13
9.75601e-14
-9.5922e-14
-2.0486e-14
2.11978e-14
3.96407e-15
-4.54427e-15
-6.86213e-16
9.41514e-16
9.79688e-17
-1.87458e-16
-8.0397e-18
3.55539e-17
-1.39035e-18
-6.33228e-18
9.87738e-19
1.03157e-18
-3.5257e-19
-1.44933e-19
1.01775e-19
1.44734e-20
-2.61149e-20
2.6015e-22
6.16597e-21
-6.8445e-22
-1.36053e-21
2.52978e-22
2.82531e-22
-6.9697e-23
-5.53391e-23
1.66067e-23
1.02077e-23
-3.58362e-24
-1.76315e-24
7.1314e-25
2.81793e-25
-1.31648e-25
-4.06712e-26
2.24974e-26
5.00822e-27
-3.52066e-27
-4.35575e-28
4.91468e-28
-5.61895e-30
-5.72437e-29
1.45686e-29
4.32496e-30
-4.53502e-30
2.38717e-31
1.0357e-30
-1.95601e-31
-2.01377e-31
5.46123e-32
3.4776e-32
-1.16466e-32
-5.38776e-33
2.12778e-33
7.40953e-34
-3.43919e-34
-8.67621e-35
4.92598e-35
7.51628e-36
-6.09067e-36
-1.24103e-37
5.94103e-37
-1.38238e-37
-2.85918e-38
4.17898e-38
-5.37756e-39
-8.5821e-39
2.12613e-39
1.45656e-39
-4.6721e-40
-2.14043e-40
8.16619e-41
2.72611e-41
-1.21916e-41
-2.88492e-42
1.5696e-42
2.13861e-43
-1.68189e-43
8.72185e-46
1.29024e-44
-4.32403e-45
-8.3824e-47
1.08212e-45
-2.21117e-46
-1.92235e-46
5.69781e-47
2.82299e-47
-1.01372e-47
-3.53524e-48
1.47797e-48
3.69398e-49
-1.82669e-49
-2.86368e-50
1.86881e-50
6.39086e-52
-1.38721e-51
3.20193e-52
1.9528e-53
-8.51715e-53
1.78363e-53
1.46382e-53
-4.42898e-54
-2.02945e-54
7.35459e-55
2.36935e-55
-9.89221e-56
-2.28049e-56
1.1158e-56
1.58521e-57
-1.02178e-57
-1.93889e-59
6.34098e-59
-1.83301e-59
7.0442e-61
4.24342e-60
-1.03908e-60
-6.59312e-61
2.13012e-61
8.30037e-62
-3.12139e-62
-8.75718e-63
3.74466e-63
7.4814e-64
-3.74342e-64
-4.27646e-65
2.94346e-65
-6.45105e-67
-1.31906e-66
6.6182e-67
-9.6541e-68
-1.25916e-67
3.55555e-68
1.73077e-68
-5.9571e-69
-1.95679e-69
7.6314e-70
1.85247e-70
-8.11744e-71
-1.39284e-71
7.15165e-72
6.25733e-73
-4.75326e-73
3.31514e-74
1.24912e-74
-1.31226e-74
2.77383e-75
2.13385e-75
-6.58174e-76
-2.63645e-76
9.44789e-77
2.71809e-77
-1.08109e-77
-2.35736e-78
1.03982e-78
1.61811e-79
-8.28459e-80
-6.35203e-81
4.87225e-81
-4.14849e-82
-7.98386e-83
1.35117e-82
-3.20459e-83
-2.02462e-83
6.46192e-84
2.34468e-84
-8.48628e-85
-2.29184e-85
9.05699e-86
1.91414e-86
-8.23563e-87
-1.31028e-87
6.32167e-88
6.04683e-89
-3.76508e-89
7.91189e-91
1.06065e-90
-6.40849e-91
1.35034e-91
1.01763e-91
-3.15174e-92
-1.18836e-92
4.18685e-93
1.16934e-93
-4.45533e-94
-1.00366e-94
4.08093e-95
7.47937e-96
-3.26265e-96
-4.5953e-97
2.22296e-97
1.86694e-98
-1.16411e-98
3.71382e-100
2.3907e-100
-1.94925e-100
4.60894e-101
2.84244e-101
-9.04191e-102
-3.13462e-102
1.10683e-102
2.97161e-103
-1.11553e-103
-2.51901e-104
9.90723e-105
1.92989e-105
-7.92497e-106
-1.32524e-106
5.71299e-107
7.86346e-108
-3.63374e-108
-3.56471e-109
1.90193e-109
4.81051e-111
-6.05329e-111
1.47414e-111
-2.61143e-112
-2.50533e-112
7.59145e-113
2.85875e-113
-9.75575e-114
-2.76989e-114
9.99665e-115
2.43412e-115
-9.09036e-116
-1.9958e-116
7.63394e-117
1.54982e-117
-6.03695e-118
-1.15005e-118
4.54579e-119
8.20272e-120
-3.28216e-120
-5.64614e-121
2.28306e-121
3.76156e-122
-1.53512e-122
-2.43085e-123
1.00026e-123
1.52637e-124
-6.32776e-125
-9.32511e-126
3.89225e-126
5.54888e-127
-2.33066e-127
-3.21881e-128
1.35988e-128
1.82154e-129
-7.7376e-130
-1.00623e-130
4.29619e-131
5.42859e-132
-2.32898e-132
-2.86152e-133
1.23327e-133
1.47428e-134
-6.38148e-135
-7.42632e-136
3.22778e-136
3.65835e-137
-1.59634e-137
-1.76283e-138
7.72124e-139
8.31057e-140
-3.65322e-140
-3.83363e-141
1.69107e-141
1.73063e-142
-7.65959e-143
-7.83559e-144
3.76029e-144
