0.787436
0.813522
0.840129
0.867217
0.894749
0.92269
0.951009
0.979677
1.00867
1.03795
1.06751
1.09731
1.12735
1.15759
1.18802
1.21862
1.24937
1.28026
1.31126
1.34237
1.37356
1.40483
1.43615
1.46751
1.4989
1.5303
1.5617
1.59308
1.62443
1.65573
1.68697
1.71814
1.74921
1.78017
1.811
1.8417
1.87223
1.90259
1.93275
1.96269
1.99239
2.02183
2.05098
2.07982
2.10832
2.13646
2.1642
2.1915
2.21833
2.24465
2.27042
2.29558
2.32008
2.34387
2.36688
2.38901
2.41006
2.43026
2.4499
2.46729
2.4804
2.49603
2.52146
2.52981
2.49385
2.49765
2.63217
2.6618
2.34302
2.14286
2.69556
3.27301
2.39246
1.4164
0.97842
0.785148
0.679941
0.613923
0.56982
0.539898
0.52
0.507609
0.501073
0.499245
0.501291
0.506584
0.514642
0.525082
0.537597
0.551934
0.567886
0.585277
0.603958
0.6238
0.644693
0.66654
0.689257
0.712769
0.737008
0.761915
0.787436
