1.48501
1.5472
1.60922
1.67082
1.73176
1.79182
1.85077
1.90837
1.9644
2.01865
2.07091
2.12097
2.16863
2.21372
2.25605
2.29545
2.33177
2.36487
2.39459
2.42084
2.44349
2.46245
2.47764
2.48899
2.49646
2.5
2.49959
2.49524
2.48694
2.47472
2.45863
2.43872
2.41506
2.38775
2.35688
2.32258
2.28498
2.24422
2.20046
2.15388
2.10466
2.053
1.99911
1.94319
1.88548
1.82621
1.76562
1.70395
1.64145
1.57838
1.51499
1.45154
1.3883
1.3255
1.26342
1.2023
1.14239
1.08393
1.02716
0.972309
0.91959
0.869218
0.821393
0.776306
0.734134
0.695042
0.659183
0.626696
0.597705
0.572321
0.550639
0.532738
0.518682
0.508521
0.502288
0.5
0.501658
0.507249
0.516743
0.530096
0.547248
0.568126
0.59264
0.620691
0.652161
0.686924
0.72484
0.765757
0.809512
0.855934
0.90484
0.956038
1.00933
1.06451
1.12136
1.17966
1.2392
1.29973
1.36104
1.42288
1.48501
