0.860522
0.890614
0.921254
0.952397
0.984002
1.01603
1.04845
1.08122
1.11432
1.14771
1.18136
1.21524
1.24934
1.28362
1.31806
1.35263
1.38731
1.42208
1.45692
1.49179
1.52669
1.56158
1.59644
1.63126
1.66601
1.70066
1.7352
1.76959
1.80382
1.83785
1.87167
1.90524
1.93853
1.97152
2.00417
2.03645
2.06832
2.09975
2.13069
2.1611
2.19094
2.22014
2.24866
2.27644
2.3034
2.32947
2.35457
2.37861
2.40148
2.42307
2.44324
2.46184
2.47869
2.49358
2.50628
2.5165
2.52388
2.52796
2.52825
2.52431
2.51529
2.49881
2.47222
2.43828
2.40332
2.35155
2.22693
1.98841
1.67935
1.3832
1.14535
0.968029
0.83793
0.741831
0.670146
0.616415
0.576286
0.546759
0.525701
0.511551
0.503138
0.49956
0.50011
0.504224
0.511443
0.521389
0.533749
0.548258
0.56469
0.582851
0.602574
0.623714
0.646141
0.669742
0.694417
0.720075
0.746634
0.774023
0.802173
0.831025
0.860522
