1.07831
1.12033
1.16294
1.20607
1.24964
1.29359
1.33785
1.38237
1.42706
1.47188
1.51676
1.56163
1.60644
1.65111
1.69559
1.73982
1.78372
1.82723
1.87028
1.9128
1.95471
1.99595
2.03642
2.07605
2.11476
2.15244
2.18901
2.22435
2.25837
2.29095
2.32196
2.35128
2.37875
2.40424
2.42756
2.44855
2.46701
2.48274
2.49549
2.50503
2.51109
2.51337
2.51155
2.50528
2.4942
2.4779
2.45596
2.42794
2.39341
2.35192
2.30308
2.24657
2.18218
2.10988
2.02988
1.94268
1.84912
1.75036
1.64789
1.54341
1.4387
1.33557
1.23564
1.14033
1.05074
0.967702
0.891725
0.823078
0.761821
0.707854
0.660959
0.620843
0.587164
0.559554
0.537637
0.52104
0.509403
0.502378
0.499641
0.500882
0.505817
0.514177
0.525716
0.540203
0.557426
0.577186
0.5993
0.623598
0.649922
0.678124
0.708067
0.73962
0.772665
0.807086
0.842778
0.87964
0.917575
0.956494
0.99631
1.03694
1.07831
