0.61756
0.625758
0.634069
0.642509
0.651073
0.659755
0.668548
0.677448
0.686451
0.695551
0.704744
0.714028
0.723397
0.732849
0.74238
0.751987
0.761667
0.771417
0.781235
0.791118
0.801064
0.81107
0.821134
0.831255
0.841429
0.851656
0.861934
0.87226
0.882633
0.893051
0.903513
0.914018
0.924564
0.935149
0.945772
0.956432
0.967128
0.977858
0.988621
0.999417
1.01024
1.0211
1.03199
1.0429
1.05384
1.06481
1.0758
1.08682
1.09785
1.10892
1.12
1.13111
1.14223
1.15337
1.16454
1.17572
1.18691
1.19813
1.20936
1.2206
1.23186
1.24314
1.25442
1.26572
1.27703
1.28835
1.29968
1.31102
1.32238
1.33374
1.3451
1.35648
1.36786
1.37925
1.39064
1.40204
1.41345
1.42486
1.43627
1.44769
1.4591
1.47052
1.48195
1.49337
1.50479
1.51621
1.52764
1.53906
1.55048
1.56189
1.57331
1.58472
1.59612
1.60753
1.61892
1.63031
1.6417
1.65308
1.66445
1.67581
1.68717
1.69851
1.70985
1.72117
1.73249
1.74379
1.75508
1.76636
1.77763
1.78888
1.80011
1.81133
1.82254
1.83373
1.8449
1.85605
1.86718
1.87829
1.88939
1.90046
1.91151
1.92253
1.93353
1.94451
1.95546
1.96639
1.97728
1.98815
1.99899
2.0098
2.02058
2.03132
2.04203
2.0527
2.06334
2.07394
2.0845
2.09503
2.1055
2.11594
2.12633
2.13668
2.14697
2.15722
2.16742
2.17756
2.18765
2.19768
2.20765
2.21755
2.2274
2.23717
2.24688
2.25652
2.26608
2.27556
2.28496
2.29428
2.30351
2.31265
2.32169
2.33063
2.33946
2.34819
2.3568
2.36529
2.37365
2.38188
2.38997
2.3979
2.40569
2.4133
2.42074
2.428
2.43505
2.4419
2.44851
2.45489
2.461
2.46683
2.4724
2.47751
2.47031
2.62889
-0.00489126
0.592289
0.510687
0.52949
0.533513
0.539302
0.545319
0.551594
0.558121
0.564879
0.571855
0.579034
0.586404
0.593953
0.601673
0.609552
0.617583
