0.75876
0.77098
0.783309
0.795767
0.808348
0.821048
0.83386
0.846782
0.859808
0.872935
0.886158
0.899475
0.91288
0.926372
0.939945
0.953598
0.967327
0.981129
0.995001
1.00894
1.02294
1.03701
1.05114
1.06532
1.07955
1.09384
1.10818
1.12257
1.137
1.15147
1.16599
1.18054
1.19513
1.20976
1.22442
1.23911
1.25383
1.26858
1.28335
1.29815
1.31297
1.32781
1.34267
1.35755
1.37244
1.38735
1.40226
1.41719
1.43213
1.44708
1.46203
1.47698
1.49194
1.5069
1.52186
1.53681
1.55176
1.56671
1.58165
1.59658
1.6115
1.62641
1.64131
1.65619
1.67105
1.6859
1.70072
1.71553
1.73031
1.74506
1.75979
1.77448
1.78915
1.80379
1.81839
1.83295
1.84747
1.86196
1.8764
1.89079
1.90514
1.91944
1.93369
1.94789
1.96203
1.97611
1.99012
2.00408
2.01796
2.03178
2.04553
2.0592
2.07279
2.0863
2.09973
2.11306
2.12631
2.13945
2.1525
2.16545
2.17828
2.19101
2.20361
2.2161
2.22846
2.24068
2.25277
2.26471
2.2765
2.28814
2.29961
2.31091
2.32203
2.33297
2.34371
2.35424
2.36456
2.37465
2.3845
2.39411
2.40345
2.41251
2.42128
2.42975
2.43788
2.44567
2.45309
2.46011
2.46672
2.47289
2.47857
2.48375
2.48837
2.49239
2.49578
2.49845
2.50037
2.50144
2.50159
2.50071
2.49868
2.49537
2.49059
2.48415
2.47577
2.4651
2.45172
2.435
2.41409
2.38777
2.35284
2.31555
2.29675
0.455562
0.77137
0.635906
0.621012
0.590392
0.56936
0.552105
0.538315
0.527309
0.518628
0.511922
0.506918
0.503398
0.501186
0.500137
0.500128
0.501058
0.502839
0.505396
0.508663
0.512583
0.517105
0.522185
0.527783
0.533864
0.540396
0.54735
0.554699
0.56242
0.570491
0.578893
0.587606
0.596615
0.605903
0.615457
0.625263
0.635308
0.645582
0.656072
0.66677
0.677665
0.68875
0.700014
0.711451
0.723054
0.734814
0.746726
0.758783
