0.662097
0.671613
0.681237
0.690988
0.700857
0.710842
0.720936
0.731136
0.741436
0.751834
0.762324
0.772903
0.783569
0.794316
0.805143
0.816047
0.827024
0.838071
0.849187
0.860368
0.871613
0.882919
0.894283
0.905704
0.917179
0.928708
0.940287
0.951914
0.96359
0.97531
0.987075
0.998881
1.01073
1.02262
1.03454
1.0465
1.0585
1.07053
1.08259
1.09468
1.10681
1.11896
1.13114
1.14335
1.15558
1.16784
1.18012
1.19242
1.20474
1.21708
1.22945
1.24183
1.25423
1.26664
1.27907
1.29152
1.30398
1.31645
1.32893
1.34143
1.35393
1.36645
1.37897
1.3915
1.40404
1.41659
1.42914
1.44169
1.45425
1.46681
1.47937
1.49194
1.5045
1.51707
1.52963
1.54219
1.55475
1.56731
1.57986
1.59241
1.60495
1.61749
1.63001
1.64253
1.65504
1.66754
1.68003
1.69251
1.70498
1.71743
1.72987
1.74229
1.7547
1.76709
1.77946
1.79181
1.80415
1.81646
1.82875
1.84102
1.85326
1.86548
1.87768
1.88984
1.90198
1.91409
1.92617
1.93821
1.95023
1.9622
1.97415
1.98605
1.99792
2.00975
2.02153
2.03327
2.04497
2.05662
2.06823
2.07978
2.09128
2.10273
2.11412
2.12545
2.13673
2.14794
2.15909
2.17017
2.18118
2.19212
2.20298
2.21377
2.22447
2.2351
2.24563
2.25607
2.26642
2.27667
2.28681
2.29685
2.30677
2.31658
2.32626
2.33582
2.34524
2.35452
2.36365
2.37263
2.38144
2.39009
2.39855
2.40681
2.41488
2.42273
2.43035
2.43774
2.44486
2.45171
2.45826
2.4645
2.4704
2.47593
2.48106
2.48576
2.48998
2.49369
2.49683
2.49933
2.50114
2.5023
2.48834
2.65282
0.11552
0.572299
0.487058
0.502022
0.501931
0.504209
0.507071
0.510525
0.514523
0.519014
0.523954
0.529307
0.53504
0.541125
0.547537
0.554253
0.561252
0.568517
0.576031
0.583779
0.591747
0.599923
0.608295
0.616853
0.625588
0.63449
0.643551
0.652763
0.662119
