0.581755
0.588747
0.595923
0.603225
0.610664
0.618226
0.625908
0.633702
0.641603
0.649605
0.657705
0.665898
0.674179
0.682544
0.690991
0.699514
0.708113
0.716782
0.72552
0.734324
0.743191
0.752119
0.761105
0.770147
0.779244
0.788393
0.797593
0.806841
0.816137
0.825477
0.834862
0.844289
0.853757
0.863264
0.872809
0.882392
0.89201
0.901663
0.91135
0.921069
0.930819
0.940599
0.950409
0.960248
0.970114
0.980007
0.989925
0.999869
1.00984
1.01983
1.02984
1.03988
1.04994
1.06001
1.07011
1.08023
1.09036
1.10052
1.11069
1.12087
1.13108
1.1413
1.15153
1.16178
1.17204
1.18232
1.19261
1.20291
1.21322
1.22355
1.23388
1.24423
1.25459
1.26495
1.27533
1.28571
1.2961
1.3065
1.31691
1.32732
1.33774
1.34817
1.3586
1.36904
1.37948
1.38993
1.40038
1.41084
1.42129
1.43176
1.44222
1.45269
1.46315
1.47362
1.48409
1.49456
1.50503
1.51551
1.52598
1.53645
1.54691
1.55738
1.56784
1.57831
1.58877
1.59922
1.60967
1.62012
1.63057
1.64101
1.65144
1.66187
1.67229
1.68271
1.69312
1.70352
1.71391
1.7243
1.73468
1.74505
1.75541
1.76576
1.7761
1.78642
1.79674
1.80705
1.81734
1.82762
1.83789
1.84814
1.85838
1.8686
1.87881
1.889
1.89918
1.90934
1.91948
1.9296
1.93971
1.94979
1.95986
1.9699
1.97992
1.98992
1.99989
2.00984
2.01977
2.02967
2.03955
2.04939
2.05921
2.069
2.07876
2.08849
2.09819
2.10785
2.11748
2.12708
2.13663
2.14615
2.15563
2.16507
2.17447
2.18383
2.19313
2.2024
2.21161
2.22078
2.22989
2.23895
2.24795
2.2569
2.26579
2.27461
2.28337
2.29206
2.30068
2.30923
2.3177
2.32609
2.3344
2.34262
2.35074
2.35878
2.36671
2.37454
2.38225
2.38985
2.39733
2.40468
2.41189
2.41895
2.42593
2.43206
2.43185
2.56594
-0.0201644
0.638849
0.555329
0.57627
0.581653
