0.71803
0.729124
0.740326
0.751655
0.763104
0.774668
0.786344
0.798127
0.810012
0.821995
0.834074
0.846243
0.8585
0.870841
0.883263
0.895763
0.908338
0.920985
0.933702
0.946485
0.959333
0.972242
0.985211
0.998237
1.01132
1.02445
1.03764
1.05087
1.06415
1.07747
1.09084
1.10425
1.1177
1.13119
1.14471
1.15826
1.17185
1.18547
1.19912
1.2128
1.22651
1.24024
1.25399
1.26777
1.28157
1.29539
1.30922
1.32308
1.33695
1.35083
1.36473
1.37864
1.39256
1.40649
1.42042
1.43437
1.44832
1.46227
1.47623
1.49019
1.50415
1.51812
1.53207
1.54603
1.55999
1.57393
1.58788
1.60181
1.61573
1.62965
1.64355
1.65745
1.67132
1.68519
1.69903
1.71286
1.72667
1.74046
1.75423
1.76798
1.7817
1.79539
1.80906
1.8227
1.8363
1.84988
1.86342
1.87693
1.8904
1.90383
1.91722
1.93057
1.94388
1.95714
1.97035
1.98351
1.99663
2.00968
2.02269
2.03563
2.04851
2.06133
2.07409
2.08678
2.09939
2.11194
2.1244
2.13679
2.14909
2.16131
2.17344
2.18548
2.19742
2.20926
2.221
2.23263
2.24414
2.25554
2.26681
2.27796
2.28897
2.29984
2.31057
2.32114
2.33155
2.3418
2.35187
2.36175
2.37145
2.38094
2.39021
2.39927
2.40808
2.41665
2.42495
2.43296
2.44069
2.44809
2.45516
2.46186
2.46819
2.47409
2.47956
2.48454
2.489
2.4929
2.49619
2.49879
2.50066
2.5017
2.50181
2.5009
2.49881
2.49538
2.49039
2.48357
2.47457
2.46295
2.43672
2.56473
0.445407
0.633282
0.529756
0.53541
0.522379
0.51475
0.508856
0.504656
0.501903
0.500404
0.500005
0.500581
0.502027
0.504257
0.507195
0.510779
0.514952
0.519667
0.524881
0.530557
0.536663
0.543167
0.550045
0.557271
0.564824
0.572684
0.580834
0.589257
0.597938
0.606863
0.616018
0.625394
0.634977
0.644759
0.654729
0.664879
0.675201
0.685686
0.696327
0.707119
0.718053
