1.5
1.53141
1.56279
1.59411
1.62533
1.65643
1.68738
1.71814
1.74869
1.77899
1.80902
1.83874
1.86812
1.89715
1.92578
1.95399
1.98175
2.00904
2.03583
2.06208
2.08779
2.11291
2.13742
2.16131
2.18455
2.20711
2.22897
2.25011
2.27051
2.29016
2.30902
2.32708
2.34433
2.36074
2.37631
2.39101
2.40483
2.41775
2.42978
2.44088
2.45106
2.46029
2.46858
2.47592
2.48229
2.48769
2.49211
2.49556
2.49803
2.49951
2.5
2.49951
2.49803
2.49556
2.49211
2.48769
2.48229
2.47592
2.46858
2.46029
2.45106
2.44088
2.42978
2.41775
2.40483
2.39101
2.37631
2.36074
2.34433
2.32708
2.30902
2.29016
2.27051
2.25011
2.22897
2.20711
2.18455
2.16131
2.13742
2.11291
2.08779
2.06208
2.03583
2.00904
1.98175
1.95399
1.92578
1.89715
1.86812
1.83874
1.80902
1.77899
1.74869
1.71814
1.68738
1.65643
1.62533
1.59411
1.56279
1.53141
1.5
1.46859
1.43721
1.40589
1.37467
1.34357
1.31262
1.28186
1.25131
1.22101
1.19098
1.16126
1.13188
1.10285
1.07422
1.04601
1.01825
0.990959
0.964173
0.937917
0.912215
0.887093
0.862576
0.838688
0.815453
0.792893
0.771031
0.749889
0.729487
0.709845
0.690983
0.672919
0.655672
0.639258
0.623693
0.608993
0.595173
0.582245
0.570224
0.559119
0.548943
0.539706
0.531417
0.524083
0.517713
0.512312
0.507885
0.504438
0.501973
0.500493
0.5
0.500493
0.501973
0.504438
0.507885
0.512312
0.517713
0.524083
0.531417
0.539706
0.548943
0.559119
0.570224
0.582245
0.595173
0.608993
0.623693
0.639258
0.655672
0.672919
0.690983
0.709845
0.729487
0.749889
0.771031
0.792893
0.815453
0.838688
0.862576
0.887093
0.912215
0.937917
0.964173
0.990959
1.01825
1.04601
1.07422
1.10285
1.13188
1.16126
1.19098
1.22101
1.25131
1.28186
1.31262
1.34357
1.37467
1.40589
1.43721
1.46859
1.5
