0.824199
0.838212
0.85234
0.866602
0.880991
0.895504
0.910134
0.924878
0.93973
0.954685
0.969741
0.984892
1.00013
1.01546
1.03088
1.04637
1.06194
1.07759
1.0933
1.10908
1.12492
1.14082
1.15678
1.1728
1.18886
1.20497
1.22113
1.23733
1.25357
1.26985
1.28616
1.30251
1.31888
1.33528
1.35171
1.36815
1.38462
1.4011
1.4176
1.4341
1.45062
1.46715
1.48368
1.50021
1.51675
1.53328
1.5498
1.56632
1.58283
1.59933
1.61581
1.63228
1.64873
1.66516
1.68156
1.69793
1.71428
1.7306
1.74688
1.76312
1.77933
1.79549
1.81161
1.82768
1.8437
1.85966
1.87557
1.89142
1.9072
1.92292
1.93857
1.95415
1.96965
1.98507
2.00041
2.01566
2.03082
2.04589
2.06085
2.07571
2.09047
2.10511
2.11963
2.13403
2.14831
2.16245
2.17645
2.1903
2.20401
2.21756
2.23094
2.24416
2.2572
2.27005
2.2827
2.29516
2.3074
2.31942
2.33121
2.34276
2.35406
2.36509
2.37585
2.38631
2.39647
2.4063
2.4158
2.42494
2.43371
2.44208
2.45004
2.45755
2.46459
2.47114
2.47715
2.48261
2.48746
2.49167
2.4952
2.49798
2.49997
2.50109
2.50128
2.50046
2.49852
2.49537
2.49087
2.48489
2.47724
2.46772
2.45609
2.44204
2.4252
2.40509
2.3811
2.35241
2.3179
2.27599
2.22427
2.1589
2.073
1.95216
1.76436
1.48178
1.20317
1.03306
0.921043
0.838335
0.774626
0.72384
0.682495
0.648352
0.619901
0.596068
0.576065
0.559294
0.54529
0.533686
0.524183
0.516537
0.510546
0.506039
0.502871
0.500919
0.500075
0.500245
0.501348
0.503311
0.506071
0.509571
0.513759
0.518589
0.524019
0.530013
0.536536
0.543556
0.551045
0.558977
0.567327
0.576073
0.585194
0.594672
0.604488
0.614625
0.625069
0.635805
0.646818
0.658097
0.66963
0.681404
0.69341
0.705637
0.718076
0.730718
0.743554
0.756576
0.769777
0.783149
0.796685
0.810378
0.824223
