0.789679
0.802746
0.815927
0.829238
0.842675
0.856231
0.869903
0.883686
0.897576
0.911568
0.925658
0.939842
0.954117
0.968478
0.982923
0.997447
1.01205
1.02672
1.04147
1.05628
1.07116
1.08609
1.10109
1.11614
1.13125
1.1464
1.16161
1.17686
1.19215
1.20748
1.22286
1.23826
1.25371
1.26918
1.28469
1.30022
1.31578
1.33136
1.34696
1.36258
1.37822
1.39388
1.40955
1.42522
1.44091
1.45661
1.47231
1.48802
1.50372
1.51943
1.53513
1.55083
1.56653
1.58221
1.59789
1.61355
1.6292
1.64483
1.66045
1.67605
1.69162
1.70717
1.72269
1.73819
1.75365
1.76908
1.78448
1.79984
1.81516
1.83044
1.84568
1.86086
1.876
1.89109
1.90612
1.9211
1.93602
1.95087
1.96566
1.98038
1.99503
2.00961
2.02411
2.03852
2.05286
2.0671
2.08125
2.09531
2.10927
2.12312
2.13686
2.1505
2.16401
2.1774
2.19067
2.2038
2.2168
2.22965
2.24235
2.2549
2.26728
2.27949
2.29153
2.30337
2.31503
2.32648
2.33772
2.34873
2.35952
2.37006
2.38034
2.39035
2.40008
2.40952
2.41864
2.42742
2.43586
2.44393
2.45161
2.45887
2.46569
2.47203
2.47788
2.48319
2.48793
2.49204
2.49549
2.49822
2.50017
2.50127
2.50143
2.50058
2.4986
2.49537
2.49073
2.48452
2.47652
2.46646
2.45402
2.43875
2.42011
2.39733
2.36934
2.33452
2.29031
2.23237
2.15507
1.99898
1.2632
0.858288
0.817047
0.738844
0.689881
0.650381
0.619038
0.593615
0.572835
0.555795
0.541844
0.530493
0.521365
0.514164
0.508651
0.504629
0.501938
0.50044
0.50002
0.500579
0.502032
0.504304
0.507329
0.511051
0.515418
0.520384
0.525908
0.531954
0.538489
0.545481
0.552904
0.560733
0.568945
0.577517
0.586432
0.595671
0.605217
0.615054
0.625169
0.635548
0.646178
0.657048
0.668147
0.679464
0.690989
0.702714
0.71463
0.726728
0.739002
0.751442
0.764044
0.776799
0.789702
