1.01417
1.03338
1.05272
1.0722
1.09182
1.11157
1.13145
1.15144
1.17153
1.19174
1.21203
1.23241
1.25288
1.27342
1.29403
1.31469
1.33542
1.35619
1.37701
1.39786
1.41874
1.43965
1.46057
1.48151
1.50245
1.52339
1.54433
1.56525
1.58615
1.60703
1.62788
1.64869
1.66945
1.69017
1.71083
1.73142
1.75195
1.7724
1.79277
1.81305
1.83324
1.85332
1.87329
1.89315
1.91288
1.93247
1.95193
1.97125
1.9904
2.0094
2.02822
2.04686
2.06532
2.08357
2.10162
2.11946
2.13706
2.15444
2.17156
2.18843
2.20503
2.22135
2.23738
2.25311
2.26852
2.2836
2.29834
2.31273
2.32674
2.34036
2.35358
2.36638
2.37874
2.39065
2.40208
2.41302
2.42344
2.43333
2.44265
2.45139
2.45953
2.46702
2.47385
2.47999
2.4854
2.49006
2.49392
2.49695
2.49912
2.50038
2.50068
2.49999
2.49825
2.49541
2.49142
2.48621
2.47974
2.47192
2.4627
2.452
2.43974
2.42584
2.41022
2.39279
2.37345
2.35211
2.32867
2.30302
2.27507
2.24472
2.21188
2.17645
2.13836
2.09756
2.05401
2.0077
1.95868
1.90703
1.85287
1.79642
1.73793
1.67773
1.61621
1.55381
1.49101
1.4283
1.36616
1.30505
1.24541
1.18759
1.1319
1.07858
1.02779
0.979663
0.934256
0.891591
0.851654
0.814403
0.779776
0.747693
0.718068
0.690804
0.665803
0.642966
0.622193
0.603387
0.586454
0.571302
0.557844
0.545997
0.535682
0.526822
0.519347
0.513189
0.508285
0.504574
0.502
0.500509
0.50005
0.500577
0.502043
0.504406
0.507626
0.511665
0.516486
0.522057
0.528345
0.535318
0.542948
0.551208
0.560071
0.569511
0.579507
0.590034
0.601072
0.612599
0.624596
0.637045
0.649927
0.663225
0.676922
0.691003
0.705453
0.720256
0.7354
0.75087
0.766653
0.782737
0.79911
0.815759
0.832675
0.849845
0.867259
0.884908
0.90278
0.920866
0.939158
0.957645
0.976319
0.995172
1.01419
