0.0210569
0.0515427
0.0835554
0.117023
0.151296
0.185999
0.220936
0.256
0.291136
0.326311
0.361505
0.396706
0.431905
0.467095
0.50227
0.537426
0.572556
0.607654
0.642714
0.677727
0.712682
0.747566
0.782361
0.817042
0.85157
0.885873
0.919782
0.952893
0.980496
1.05821
0.500913
-0.0179358
-0.00178827
7.67195e-07
-1.48128e-13
7.89568e-28
-2.99573e-56
6.16648e-114
-2.96016e-229
0
0
0
0
0
0
0
0
0
0
0
0
0
0
0
0
0
0
0
0
0
0
0
0
0
0
0
0
0
0
0
0
0
0
0
0
0
0
0
0
0
0
0
0
0
0
0
0
0
0
0
0
-7.9405e-281
2.82616e-140
-6.4575e-70
3.94046e-35
-1.17179e-17
2.523e-09
-4.21224e-05
0.00186277
-0.0249229
0.0217572
