0.0269771
0.0688859
0.113842
0.161049
0.209233
0.257844
0.306644
0.355524
0.404428
0.453323
0.502184
0.550992
0.599724
0.648358
0.69686
0.745189
0.793276
0.841007
0.888121
0.933887
0.976051
1.00846
1.02029
1.00901
0.993489
1.04608
0.503279
-0.0210203
-0.00175795
7.70273e-07
-1.54256e-13
8.83667e-28
-3.87623e-56
1.07008e-113
-9.3141e-229
0
0
0
0
0
0
0
0
0
0
0
0
0
0
0
0
0
0
0
0
0
0
0
0
0
0
0
0
0
0
0
0
0
0
0
0
0
0
0
0
0
0
0
0
0
0
0
0
0
0
0
0
0
0
0
0
-3.02048e-313
2.25942e-156
-7.45234e-78
5.45711e-39
-1.78008e-19
4.03433e-10
-2.21457e-05
0.00183912
-0.0286284
0.0285462
