0.0189681
0.0459021
0.0739436
0.103156
0.133073
0.163396
0.193952
0.224645
0.255419
0.286241
0.317092
0.347959
0.378833
0.409709
0.440581
0.471447
0.502302
0.533143
0.563968
0.594773
0.625553
0.656305
0.687022
0.717698
0.748325
0.778891
0.809383
0.83978
0.870048
0.900262
0.926283
1.01079
0.477612
-0.0153055
-0.00173477
7.33763e-07
-1.38209e-13
7.02304e-28
-2.42608e-56
4.15266e-114
-1.38736e-229
0
0
0
0
0
0
0
0
0
0
0
0
0
0
0
0
0
0
0
0
0
0
0
0
0
0
0
0
0
0
0
0
0
0
0
0
0
0
0
0
0
0
0
0
0
0
0
0
0
0
-2.27861e-269
1.36726e-134
-4.06096e-67
8.93658e-34
-5.04383e-17
4.72279e-09
-5.17702e-05
0.00183921
-0.0231883
0.0194448
