0.0314085
0.083456
0.139968
0.19921
0.259438
0.320027
0.380736
0.441455
0.502121
0.562684
0.623092
0.683282
0.743158
0.802562
0.861145
0.91796
0.970068
1.00934
1.02184
1.00699
0.995147
0.998798
0.998607
1.04666
0.523109
-0.0281225
-0.00174946
7.99905e-07
-1.72076e-13
1.13399e-27
-6.58216e-56
3.18957e-113
-8.61265e-228
0
0
0
0
0
0
0
0
0
0
0
0
0
0
0
0
0
0
0
0
0
0
0
0
0
0
0
0
0
0
0
0
0
0
0
0
0
0
0
0
0
0
0
0
0
0
0
0
0
0
0
0
0
0
0
0
0
0
0
1.46565e-168
-7.09354e-84
6.28193e-42
-7.12861e-21
9.55576e-11
-1.28581e-05
0.00170798
-0.0304181
0.0339091
