0.0376734
0.106988
0.182976
0.26205
0.341955
0.422034
0.502033
0.581793
0.661147
0.739846
0.817385
0.892431
0.960844
1.01096
1.02362
1.00371
0.994613
1.00031
1.00087
0.999725
0.997487
1.04518
0.544803
-0.0363429
-0.00173725
8.32206e-07
-1.92932e-13
1.47154e-27
-1.14397e-55
9.96819e-113
-8.76305e-227
0
0
0
0
0
0
0
0
0
0
0
0
0
0
0
0
0
0
0
0
0
0
0
0
0
0
0
0
0
0
0
0
0
0
0
0
0
0
0
0
0
0
0
0
0
0
0
0
0
0
0
0
0
0
0
0
0
0
0
0
0
4.10468e-186
-1.46631e-92
3.51553e-46
-6.56071e-23
1.13062e-11
-5.49828e-06
0.00141833
-0.0316993
0.041955
