0.0702909
0.28044
0.500742
0.714652
0.904867
1.02482
1.02157
0.991318
1.00116
1.00028
0.99978
1.00008
0.999976
1.00001
0.999999
1.00002
0.998116
1.04284
0.584399
-0.0542095
-0.00166413
8.7682e-07
-2.32348e-13
2.29698e-27
-3.00016e-55
7.42325e-112
-5.34451e-225
0
0
0
0
0
0
0
0
0
0
0
0
0
0
0
0
0
0
0
0
0
0
0
0
0
0
0
0
0
0
0
0
0
0
0
0
0
0
0
0
0
0
0
0
0
0
0
0
0
0
0
0
0
0
0
0
0
0
0
0
0
0
0
0
0
6.10092e-272
-4.01677e-135
3.96355e-67
-4.6604e-33
2.00873e-16
-4.93837e-08
0.000297117
-0.0263286
0.0827064
