0.648122
0.662146
0.6767
0.691773
0.707357
0.723442
0.740017
0.757072
0.774596
0.792579
0.811008
0.829873
0.849161
0.86886
0.888957
0.909441
0.930298
0.951514
0.973077
0.994972
1.01719
1.03971
1.06252
1.0856
1.10895
1.13255
1.15637
1.18042
1.20467
1.2291
1.2537
1.27846
1.30336
1.32839
1.35352
1.37874
1.40404
1.42941
1.45481
1.48025
1.50569
1.53114
1.55656
1.58195
1.60729
1.63256
1.65774
1.68283
1.7078
1.73264
1.75733
1.78186
1.80621
1.83037
1.85432
1.87804
1.90153
1.92476
1.94773
1.97041
1.99279
2.01487
2.03661
2.05802
2.07908
2.09977
2.12008
2.14
2.15952
2.17862
2.19729
2.21552
2.2333
2.25062
2.26746
2.28382
2.29968
2.31504
2.32988
2.3442
2.35798
2.37122
2.38392
2.39605
2.40762
2.41861
2.42903
2.43885
2.44809
2.45673
2.46476
2.47218
2.47899
2.48518
2.49075
2.49569
2.5
2.50368
2.50673
2.50914
2.51092
2.51205
2.51255
2.5124
2.51162
2.5102
2.50814
2.50544
2.50211
2.49815
2.49355
2.48833
2.48248
2.47602
2.46893
2.46124
2.45294
2.44403
2.43453
2.42444
2.41376
2.40251
2.39069
2.3783
2.36536
2.35188
2.33785
2.3233
2.30823
2.29264
2.27656
2.25998
2.24293
2.2254
2.20742
2.18899
2.17013
2.15084
2.13114
2.11104
2.09056
2.0697
2.04849
2.02692
2.00503
1.98281
1.96029
1.93748
1.9144
1.89105
1.86745
1.84363
1.81958
1.79533
1.7709
1.7463
1.72154
1.69664
1.67161
1.64648
1.62126
1.59596
1.57059
1.54519
1.51975
1.49431
1.46886
1.44344
1.41805
1.39271
1.36744
1.34226
1.31717
1.2922
1.26736
1.24267
1.21814
1.19379
1.16963
1.14568
1.12196
1.09847
1.07524
1.05227
1.02959
1.00721
0.985134
0.963386
0.941977
0.92092
0.900228
0.879916
0.859995
0.840479
0.821379
0.802707
0.784476
0.766697
0.749382
0.73254
0.716183
0.700321
0.684964
0.670122
0.655805
0.64202
0.628777
0.616085
0.603951
0.592383
0.581388
0.570973
0.561145
0.55191
0.543274
0.535243
0.52782
0.521012
0.514822
0.509254
0.504312
0.499999
0.496318
0.49327
0.490859
0.489085
0.487949
0.487453
0.487596
0.488378
0.4898
0.491859
0.494556
0.497887
0.501851
0.506446
0.511669
0.517515
0.523982
0.531066
0.538762
0.547064
0.555969
0.56547
0.575561
0.586236
0.597489
0.609311
0.621696
0.634635
0.648122
