1.5
1.52513
1.55024
1.57533
1.60036
1.62533
1.65023
1.67502
1.69971
1.72427
1.74869
1.77295
1.79704
1.82094
1.84464
1.86812
1.89137
1.91438
1.93712
1.95958
1.98175
2.00362
2.02517
2.04639
2.06727
2.08779
2.10793
2.12769
2.14706
2.16601
2.18455
2.20265
2.22031
2.23751
2.25425
2.27051
2.28629
2.30157
2.31634
2.3306
2.34433
2.35753
2.37018
2.38229
2.39384
2.40483
2.41524
2.42508
2.43433
2.44299
2.45106
2.45852
2.46538
2.47163
2.47727
2.48229
2.48669
2.49046
2.49361
2.49613
2.49803
2.49929
2.49992
2.49992
2.49929
2.49803
2.49613
2.49361
2.49046
2.48669
2.48229
2.47727
2.47163
2.46538
2.45852
2.45106
2.44299
2.43433
2.42508
2.41524
2.40483
2.39384
2.38229
2.37018
2.35753
2.34433
2.3306
2.31634
2.30157
2.28629
2.27051
2.25425
2.23751
2.22031
2.20265
2.18455
2.16601
2.14706
2.12769
2.10793
2.08779
2.06727
2.04639
2.02517
2.00362
1.98175
1.95958
1.93712
1.91438
1.89137
1.86812
1.84464
1.82094
1.79704
1.77295
1.74869
1.72427
1.69971
1.67502
1.65023
1.62533
1.60036
1.57533
1.55024
1.52513
1.5
1.47487
1.44976
1.42467
1.39964
1.37467
1.34977
1.32498
1.30029
1.27573
1.25131
1.22705
1.20296
1.17906
1.15536
1.13188
1.10863
1.08562
1.06288
1.04042
1.01825
0.996377
0.974825
0.953606
0.932731
0.912215
0.89207
0.872309
0.852944
0.833988
0.815453
0.79735
0.779691
0.762487
0.745749
0.729487
0.713712
0.698433
0.683661
0.669404
0.655672
0.642473
0.629816
0.617709
0.606159
0.595173
0.584759
0.574923
0.565671
0.557009
0.548943
0.541478
0.534618
0.528368
0.522732
0.517713
0.513314
0.509539
0.506389
0.503866
0.501973
0.500711
0.500079
0.500079
0.500711
0.501973
0.503866
0.506389
0.509539
0.513314
0.517713
0.522732
0.528368
0.534618
0.541478
0.548943
0.557009
0.565671
0.574923
0.584759
0.595173
0.606159
0.617709
0.629816
0.642473
0.655672
0.669404
0.683661
0.698433
0.713712
0.729487
0.745749
0.762487
0.779691
0.79735
0.815453
0.833988
0.852944
0.872309
0.89207
0.912215
0.932731
0.953606
0.974825
0.996377
1.01825
1.04042
1.06288
1.08562
1.10863
1.13188
1.15536
1.17906
1.20296
1.22705
1.25131
1.27573
1.30029
1.32498
1.34977
1.37467
1.39964
1.42467
1.44976
1.47487
1.5
