1.2519
1.2764
1.30105
1.32582
1.3507
1.37567
1.40073
1.42584
1.45101
1.4762
1.50141
1.52662
1.55181
1.57697
1.60208
1.62712
1.65209
1.67696
1.70172
1.72635
1.75083
1.77516
1.79932
1.82328
1.84704
1.87059
1.8939
1.91695
1.93975
1.96227
1.9845
2.00642
2.02802
2.04928
2.0702
2.09076
2.11095
2.13075
2.15015
2.16915
2.18772
2.20585
2.22354
2.24077
2.25754
2.27382
2.28962
2.30492
2.31971
2.33398
2.34772
2.36093
2.3736
2.38571
2.39727
2.40826
2.41867
2.42851
2.43775
2.44641
2.45447
2.46192
2.46877
2.475
2.48062
2.48562
2.49
2.49375
2.49688
2.49937
2.50124
2.50247
2.50307
2.50303
2.50236
2.50106
2.49912
2.49656
2.49336
2.48954
2.48509
2.48003
2.47434
2.46803
2.46112
2.45359
2.44547
2.43675
2.42743
2.41754
2.40706
2.396
2.38439
2.37221
2.35948
2.34621
2.33241
2.31808
2.30323
2.28788
2.27202
2.25568
2.23887
2.22158
2.20384
2.18566
2.16704
2.148
2.12856
2.10871
2.08848
2.06788
2.04692
2.02562
2.00398
1.98202
1.95976
1.93721
1.91439
1.8913
1.86796
1.8444
1.82061
1.79662
1.77245
1.7481
1.7236
1.69895
1.67418
1.6493
1.62433
1.59927
1.57416
1.54899
1.5238
1.49859
1.47338
1.44819
1.42303
1.39792
1.37288
1.34791
1.32304
1.29828
1.27365
1.24917
1.22484
1.20068
1.17672
1.15296
1.12941
1.1061
1.08305
1.06025
1.03773
1.0155
0.993584
0.971983
0.950716
0.929796
0.909236
0.889049
0.869248
0.849845
0.830853
0.812284
0.794149
0.77646
0.759228
0.742464
0.726178
0.710381
0.695083
0.680293
0.666021
0.652276
0.639066
0.6264
0.614286
0.602731
0.591743
0.581328
0.571494
0.562247
0.553591
0.545534
0.538079
0.531232
0.524996
0.519377
0.514377
0.509999
0.506247
0.503122
0.500627
0.498764
0.497532
0.496934
0.49697
0.497639
0.498941
0.500875
0.503441
0.506635
0.510458
0.514905
0.519975
0.525663
0.531967
0.538883
0.546405
0.55453
0.563252
0.572565
0.582465
0.592944
0.603996
0.615613
0.62779
0.640517
0.653787
0.667592
0.681922
0.696769
0.712124
0.727976
0.744316
0.761133
0.778417
0.796156
0.81434
0.832957
0.851996
0.871443
0.891288
0.911517
0.932118
0.953078
0.974383
0.99602
1.01798
1.04024
1.06279
1.08561
1.1087
1.13204
1.1556
1.17939
1.20338
1.22755
1.2519
