1.01771
1.04005
1.06269
1.0856
1.10878
1.1322
1.15585
1.17973
1.2038
1.22806
1.25249
1.27708
1.30181
1.32667
1.35163
1.37669
1.40182
1.42702
1.45227
1.47754
1.50283
1.52812
1.55338
1.57862
1.60381
1.62892
1.65396
1.6789
1.70373
1.72843
1.75299
1.77738
1.8016
1.82563
1.84946
1.87306
1.89643
1.91955
1.9424
1.96497
1.98725
2.00922
2.03087
2.05219
2.07315
2.09375
2.11398
2.13382
2.15327
2.17229
2.1909
2.20906
2.22678
2.24404
2.26083
2.27714
2.29296
2.30828
2.32309
2.33737
2.35113
2.36435
2.37703
2.38915
2.40071
2.4117
2.42211
2.43194
2.44119
2.44984
2.45789
2.46533
2.47217
2.47839
2.48399
2.48897
2.49333
2.49705
2.50015
2.50262
2.50445
2.50565
2.50622
2.50615
2.50544
2.5041
2.50212
2.49951
2.49627
2.4924
2.48791
2.48279
2.47705
2.47069
2.46372
2.45614
2.44795
2.43917
2.4298
2.41983
2.40929
2.39817
2.38648
2.37424
2.36144
2.3481
2.33422
2.31982
2.3049
2.28946
2.27354
2.25712
2.24022
2.22286
2.20504
2.18677
2.16807
2.14895
2.12942
2.10949
2.08918
2.06849
2.04745
2.02606
2.00433
1.98229
1.95995
1.93731
1.9144
1.89122
1.8678
1.84415
1.82027
1.7962
1.77194
1.74751
1.72292
1.69819
1.67333
1.64837
1.62331
1.59818
1.57298
1.54773
1.52246
1.49717
1.47188
1.44662
1.42138
1.39619
1.37108
1.34604
1.3211
1.29627
1.27157
1.24701
1.22262
1.1984
1.17437
1.15054
1.12694
1.10357
1.08045
1.0576
1.03503
1.01275
0.990779
0.969129
0.947814
0.926849
0.906245
0.886016
0.866175
0.846735
0.827707
0.809104
0.790937
0.773218
0.755958
0.739168
0.722858
0.70704
0.691722
0.676915
0.662627
0.648869
0.635648
0.622973
0.610852
0.599293
0.588302
0.577887
0.568055
0.558812
0.550163
0.542113
0.534669
0.527835
0.521615
0.516012
0.511031
0.506675
0.502946
0.499847
0.49738
0.495546
0.494346
0.493782
0.493853
0.494559
0.495901
0.497877
0.500486
0.503726
0.507595
0.512091
0.517212
0.522953
0.529311
0.536282
0.543862
0.552046
0.560828
0.570204
0.580167
0.590711
0.60183
0.613515
0.625761
0.638559
0.651901
0.665778
0.680183
0.695105
0.710536
0.726465
0.742883
0.759779
0.777143
0.794963
0.813228
0.831928
0.851049
0.87058
0.890509
0.910823
0.931509
0.952553
0.973944
0.995667
1.01771
